title,url,time,source
“清朗浦江·2026”网络生态治理旬邀您携手共筑良好生态,https://www.thepaper.cn/newsDetail_forward_32685502,2026-03-03 01:55:41,澎湃新闻
祝福！他在上海官宣喜讯，网友：势均力敌的爱情！,https://www.thepaper.cn/newsDetail_forward_32787154,2026-03-18 00:20:00,青春上海
用运动奏响春天的序曲！罗店镇127个村居健身苑点大公开→,https://www.thepaper.cn/newsDetail_forward_32787216,2026-03-17 23:30:00,上海宝山
【营商法宝•政策速递】一图读懂！上海市检察机关服务保障加快打造国际一流营商环境的行动方案,https://www.thepaper.cn/newsDetail_forward_32786968,2026-03-17 23:30:00,上海宝山
历史上的今天｜1922年3月18日，上海大学成立,https://www.thepaper.cn/newsDetail_forward_32773213,2026-03-17 23:11:08,澎湃新闻
宝山发布大雾黄色预警，出行“雾”必小心！,https://www.thepaper.cn/newsDetail_forward_32787222,2026-03-17 22:34:00,上海宝山
罚款200元+记9分+行拘！重型半挂车闯卡逃逸、临牌过期，松江警方迅速拦截,https://www.thepaper.cn/newsDetail_forward_32787213,2026-03-17 22:31:00,上海松江
早安青浦丨上青浦?，下江南?~,https://www.thepaper.cn/newsDetail_forward_32786943,2026-03-17 22:04:00,绿色青浦
清明祭扫提醒，请查收→,https://www.thepaper.cn/newsDetail_forward_32786710,2026-03-17 22:04:00,i金山
“社区治理新搭档”⑫——泛黄老照片“复活”百年建筑：徐家汇城管巧解历史保护建筑治理难题,https://www.thepaper.cn/newsDetail_forward_32786715,2026-03-17 15:30:00,上海城管
【专项执法】执法亮剑护碧水 服务指导解难题,https://www.thepaper.cn/newsDetail_forward_32786714,2026-03-17 15:30:00,上海城管
扎根群众的治理智慧⑮“一线”悬安危,https://www.thepaper.cn/newsDetail_forward_32786713,2026-03-17 15:30:00,上海城管
围绕推动上海未来产业发展，陈吉宁开展中央巡视反馈意见整改专题调研,https://www.thepaper.cn/newsDetail_forward_32784549,2026-03-17 15:15:12,澎湃新闻
九三学社上海市委召开全国两会精神传达学习会,https://www.thepaper.cn/newsDetail_forward_32787051,2026-03-17 14:59:00,九三学社上海市委
真心倾听、找准裉节，聚焦高端装备产业高质量发展，上海市政协科学技术界别、九三学社界别联合开展调研,https://www.thepaper.cn/newsDetail_forward_32787049,2026-03-17 14:59:00,九三学社上海市委
徐汇区政协召开2026年区情通报会,https://www.thepaper.cn/newsDetail_forward_32786051,2026-03-17 14:06:00,徐汇区政协
上海援疆前指深入巴楚县、叶城县、泽普县、莎车县开展农业特色产业与新型城镇化建设专题调研,https://www.thepaper.cn/newsDetail_forward_32785272,2026-03-17 14:03:00,上海援疆
阴雨持续，明天局部地区雨量中等！大家适当“春捂”~,https://www.thepaper.cn/newsDetail_forward_32787223,2026-03-17 14:01:00,上海宝山
奉贤区召开加快建设更高水平法治政府工作部署会,https://www.thepaper.cn/newsDetail_forward_32785479,2026-03-17 13:59:00,上海奉贤
区领导调研四团镇,https://www.thepaper.cn/newsDetail_forward_32785478,2026-03-17 13:59:00,上海奉贤
【民营经济圆桌会】共话营商环境 共谋区域经济高质量发展 第十三期上海（嘉定）民营经济圆桌会举行,https://www.thepaper.cn/newsDetail_forward_32787053,2026-03-17 13:31:00,上海市工商联
上海时装周 环保科技新风尚点亮浦东,https://www.thepaper.cn/newsDetail_forward_32784029,2026-03-17 13:30:27,东方财经浦东频道
CAC2026在沪启幕 共筑全球种植业投入品全产业链生态圈,https://www.thepaper.cn/newsDetail_forward_32784028,2026-03-17 13:29:38,东方财经浦东频道
2026FRC机器人竞赛上海国际区域赛举行 中国参赛队伍数量增长超20%,https://www.thepaper.cn/newsDetail_forward_32784025,2026-03-17 13:27:36,东方财经浦东频道
“远看以为是巨蛇，近看竟是四个娃！”,https://www.thepaper.cn/newsDetail_forward_32784908,2026-03-17 13:26:00,青春上海
涉外法治专家共话国际商事争议解决,https://www.thepaper.cn/newsDetail_forward_32785467,2026-03-17 13:14:00,上海一中院
员工多次迟到，公司能否直接开除？,https://www.thepaper.cn/newsDetail_forward_32785163,2026-03-17 13:14:00,上海一中院
首讲华东师大！四位“申城女主角”亮相,https://www.thepaper.cn/newsDetail_forward_32786363,2026-03-17 13:05:00,华东师范大学
一口一个！沈大成迷你青团上市，经典款日销已达30000只！,https://www.thepaper.cn/newsDetail_forward_32784820,2026-03-17 13:03:00,上海黄浦
聚力攻坚“扩面提质”，全力打造更有温度的“健康宝山”,https://www.thepaper.cn/newsDetail_forward_32784902,2026-03-17 13:00:00,宝山卫生健康
上海城投（集团）有限公司原董事长蒋曙杰涉嫌受贿，被公诉,https://www.thepaper.cn/newsDetail_forward_32783677,2026-03-17 12:59:23,澎湃新闻
运动“静”彩，活力未来，静安区召开深化中小学体育工作高质量发展推进会,https://www.thepaper.cn/newsDetail_forward_32786340,2026-03-17 12:36:00,上海静安
静安区委全面依法治区工作会议暨区委全面依法治区委员会（扩大）会议召开,https://www.thepaper.cn/newsDetail_forward_32786339,2026-03-17 12:36:00,上海静安
@参赛选手，快乐跑领物详情发布，请戳→,https://www.thepaper.cn/newsDetail_forward_32785597,2026-03-17 12:35:20,i金山
奋楫正当时！同济大学传达学习全国两会精神,https://www.thepaper.cn/newsDetail_forward_32784764,2026-03-17 12:32:00,同济大学
市科委领导会见流行病防范创新联盟总法律顾问一行,https://www.thepaper.cn/newsDetail_forward_32785051,2026-03-17 12:31:00,上海科技
国航、东航、南航发布公告：机票买贵了可免费退,https://www.thepaper.cn/newsDetail_forward_32784362,2026-03-17 12:30:00,上海宝山
厚植生态底色，宝山“绿”动发展新画卷,https://www.thepaper.cn/newsDetail_forward_32784361,2026-03-17 12:30:00,上海宝山
2026年宝山区组织系统工作会议召开,https://www.thepaper.cn/newsDetail_forward_32784360,2026-03-17 12:30:00,上海宝山
魔都眼｜海上宫殿璐明娜号首次抵沪，免签旅客“丝滑入境”,https://www.thepaper.cn/newsDetail_forward_32782946,2026-03-17 12:25:27,澎湃新闻
穿梭城市风景线，911路双层巴士暖心服务守护市民“赏花路”,https://www.thepaper.cn/newsDetail_forward_32784819,2026-03-17 12:21:00,上海黄浦
免费检测、专属折扣，家门口的爱耳福利来啦！,https://www.thepaper.cn/newsDetail_forward_32785136,2026-03-17 12:05:00,上海虹口
市科委领导会见淡马锡基金会执行董事兼首席执行官一行,https://www.thepaper.cn/newsDetail_forward_32785231,2026-03-17 12:02:00,上海科技
【城市更新】读懂上海城市更新的“七大答卷”,https://www.thepaper.cn/newsDetail_forward_32784810,2026-03-17 12:01:00,上海住房城乡建设管理
【安居】“话筒”交给居民后，长宁这个老小区成了精装修的“幸福里”,https://www.thepaper.cn/newsDetail_forward_32784807,2026-03-17 12:01:00,上海住房城乡建设管理
莎士比亚唯一生前肖像来沪，在上博看英国作家“天团”,https://www.thepaper.cn/newsDetail_forward_32783657,2026-03-17 11:59:54,澎湃新闻
两会特辑（一）：开局之年 共商国是,https://www.thepaper.cn/newsDetail_forward_32784771,2026-03-17 11:56:00,虹口青年微生活
守护消费权益 提升消费品质 助力国际消费中心建设——浦东新区举办2026年“3·15”国际消费者权益日主题活动,https://www.thepaper.cn/newsDetail_forward_32786394,2026-03-17 11:50:00,上海市浦东新区司法局
嘉定区青年发展型城区建设工作推进会暨共青团嘉定区第七届委员会第八次全体（扩大）会议召开,https://www.thepaper.cn/newsDetail_forward_32785144,2026-03-17 11:50:00,上海嘉定
青浦道路的变化，你发现了吗？,https://www.thepaper.cn/newsDetail_forward_32785235,2026-03-17 11:42:00,绿色青浦
上海交通大学“社会组织研究与发展基金”捐赠签约仪式举行,https://www.thepaper.cn/newsDetail_forward_32786343,2026-03-17 11:35:00,上海静安
巧手造绿意，花香满街巷！这场春日之约，让大家把“春天”带回了家,https://www.thepaper.cn/newsDetail_forward_32786342,2026-03-17 11:35:00,上海静安
主动投靠境外间谍情报机关，抓！,https://www.thepaper.cn/newsDetail_forward_32785637,2026-03-17 11:35:00,上海国防动员
【惠企政策通】关于组织2026年度市级“大零号湾”专项政策“支持企业算力购买和租赁”申报的通知,https://www.thepaper.cn/newsDetail_forward_32784677,2026-03-17 11:35:00,闵行区政协
【走进政协•闵行情】上海县立县时间究竟该从哪年算起？,https://www.thepaper.cn/newsDetail_forward_32784506,2026-03-17 11:35:00,闵行区政协
诚邀助力！上海检察机关这些作品入围2025年度“法律融媒体好作品展播活动”,https://www.thepaper.cn/newsDetail_forward_32785471,2026-03-17 11:31:00,上海检察
莎士比亚、简·奥斯丁唯一生前肖像来上海了！,https://www.thepaper.cn/newsDetail_forward_32783661,2026-03-17 11:30:51,澎湃新闻
【2026投促大会】中意企业齐聚“上海硅巷”，共谋发展机遇,https://www.thepaper.cn/newsDetail_forward_32786086,2026-03-17 11:21:41,投资上海Invest Shanghai
【2026投促大会】并购赋能 产业革新｜国泰海通全球产业并购峰会成功举办,https://www.thepaper.cn/newsDetail_forward_32786085,2026-03-17 11:21:41,投资上海Invest Shanghai
【2026投促大会】复兴岛超级场景重磅发布，百大场景解锁新机遇,https://www.thepaper.cn/newsDetail_forward_32786084,2026-03-17 11:21:41,投资上海Invest Shanghai
【2026投促大会】宝山区建设全市智能制造引领区产业生态推介会成功举办,https://www.thepaper.cn/newsDetail_forward_32785733,2026-03-17 11:21:41,投资上海Invest Shanghai
