title,url,time,source
上海更新暴雨蓝警为黄警：预计未来6小时内，将现短时强降水天气,https://www.thepaper.cn/newsDetail_forward_31273543,2025-07-31 10:16:53,澎湃新闻
世纪华通谢斐：在“三大平衡”中领跑，实现游戏行业更高质量的发展,https://www.thepaper.cn/newsDetail_forward_31273382,2025-07-31 09:39:45,澎湃新闻
江孜氆氇如何赢得近千万订单？ 看上海援藏背后的故事,https://www.thepaper.cn/newsDetail_forward_31272066,2025-07-31 09:01:41,澎湃新闻
史上最强“中国德比”来了！斯诺克上海大师赛迎来巅峰对决,https://www.thepaper.cn/newsDetail_forward_31272174,2025-07-31 07:54:44,澎湃新闻
上海复兴岛，即将变身为全球首座二次元“痛岛”,https://www.thepaper.cn/newsDetail_forward_31271994,2025-07-31 07:29:20,澎湃新闻
上半年上海市城镇新增就业超33万人，生育友好岗受益人数超5千,https://www.thepaper.cn/newsDetail_forward_31271958,2025-07-31 07:12:43,澎湃新闻
上海算力转移测试破局电力调峰：找到空闲数据中心尤为重要,https://www.thepaper.cn/newsDetail_forward_31270489,2025-07-31 06:45:28,澎湃新闻
军事题材宣传画收藏展来了，持续至…,https://www.thepaper.cn/newsDetail_forward_31272518,2025-07-31 06:28:05,i金山
WAIC最“火爆”的展区，“浦东人形机器人”战队捷报频传,https://www.thepaper.cn/newsDetail_forward_31270670,2025-07-31 06:21:18,浦东发布
“老朋友”携新成果共赴进博之约，续写中国市场合作共赢新篇章,https://www.thepaper.cn/newsDetail_forward_31270578,2025-07-31 06:21:17,浦东发布
护航企业核心竞争力，浦东新区发布商业秘密保护新规,https://www.thepaper.cn/newsDetail_forward_31270572,2025-07-31 06:21:17,浦东发布
军检联学强担当 法护强军新征程 宝山区检察院与91306部队开展中心组联组学习,https://www.thepaper.cn/newsDetail_forward_31272432,2025-07-31 06:15:50,上海宝山检察
【最新】加快打造工程建设领域一流营商环境！这个行动方案发布→,https://www.thepaper.cn/newsDetail_forward_31273004,2025-07-31 06:09:08,上海住房城乡建设管理
全力确保进博会常办常新、越办越好！进博会城市服务保障领导小组扩大会议举行,https://www.thepaper.cn/newsDetail_forward_31273001,2025-07-31 06:09:08,上海住房城乡建设管理
2025上海书展购票指南来了→,https://www.thepaper.cn/newsDetail_forward_31272995,2025-07-31 06:05:24,上海杨浦
育儿补贴申领需要什么材料，支付宝微信能不能领？7问7答,https://www.thepaper.cn/newsDetail_forward_31272993,2025-07-31 06:05:24,上海杨浦
来自上海法院的他，出席国务院新闻办公室中外记者见面会！,https://www.thepaper.cn/newsDetail_forward_31273573,2025-07-31 06:04:14,上海高院
关机拔卡！听我们的总没错,https://www.thepaper.cn/newsDetail_forward_31273569,2025-07-31 06:03:37,警民直通车上海
司法部党组号召全国司法行政系统向师帅同志学习,https://www.thepaper.cn/newsDetail_forward_31272618,2025-07-31 05:56:15,上海戒毒
2025上海书展开票，日场票10元，夜场票5元,https://www.thepaper.cn/newsDetail_forward_31271721,2025-07-31 05:33:17,澎湃新闻
上海→新疆！复旦首创的分子考古移动实验室车队开进丝绸之路,https://www.thepaper.cn/newsDetail_forward_31272392,2025-07-31 05:24:04,复旦大学
数学之问｜当AI与数学在上海相遇：WAIC 2025背后的智慧革命,https://www.thepaper.cn/newsDetail_forward_31261369,2025-07-31 05:03:41,学术头条
【关注】2025上海书展已开票！购票指南来了→,https://www.thepaper.cn/newsDetail_forward_31272412,2025-07-31 04:49:29,上海长宁
华阳路街道让“小网格”释放“大能量”~,https://www.thepaper.cn/newsDetail_forward_31272410,2025-07-31 04:49:29,上海长宁
庆“八一”，武警官兵与退役军人共话峥嵘岁月,https://www.thepaper.cn/newsDetail_forward_31272406,2025-07-31 04:49:29,上海长宁
民革长宁区委会与长宁区司法局党委、东虹桥集团党委签订共建合作协议,https://www.thepaper.cn/newsDetail_forward_31272404,2025-07-31 04:49:29,上海长宁
一个家庭最累人的，是情绪劳动,https://www.thepaper.cn/newsDetail_forward_31272525,2025-07-31 04:30:06,上海女性
从城市更新到微型场域，2025上半年江浙沪商业在生长,https://www.thepaper.cn/newsDetail_forward_31261416,2025-07-31 04:26:10,RQ商业观察室
聚焦智能时代与科技创新精神培养，“上海司法行政大讲堂” 开讲,https://www.thepaper.cn/newsDetail_forward_31272626,2025-07-31 04:18:29,上海市司法局
泰禾集团：35亿元债务违约，一家子公司资产被上海金融法院拍卖,https://www.thepaper.cn/newsDetail_forward_31262308,2025-07-31 04:13:00,澎湃新闻
阿东在上海调研共青团和青年工作时强调 扎实推进新兴领域团的建设“两个覆盖”集中攻坚 深化实施中国青…,https://www.thepaper.cn/newsDetail_forward_31272920,2025-07-31 04:10:48,青春来宾
就在明晚！记得抬头看,https://www.thepaper.cn/newsDetail_forward_31272886,2025-07-31 04:10:29,绿色青浦
针对“自媒体”发布不实信息乱象，网信办出手！,https://www.thepaper.cn/newsDetail_forward_31272882,2025-07-31 04:10:29,绿色青浦
长海军医义诊来啦，预约通道→,https://www.thepaper.cn/newsDetail_forward_31272997,2025-07-31 04:07:59,上海杨浦
坚持常抓不懈、强化作风建设，区政府党组开展深入贯彻中央八项规定精神学习教育集体学习,https://www.thepaper.cn/newsDetail_forward_31272383,2025-07-31 04:06:22,上海虹口
【践行改造宗旨】汗水洗心尘  运动励新生,https://www.thepaper.cn/newsDetail_forward_31272627,2025-07-31 04:06:20,上海市监狱管理局
上海，AI的社会主义浪漫,https://www.thepaper.cn/newsDetail_forward_31252304,2025-07-31 03:44:50,星船知造
编造台风天游客被困外滩、“路易号”巨轮附近积水严重等谣言，6人被行拘,https://www.thepaper.cn/newsDetail_forward_31271926,2025-07-31 03:42:03,上海网络辟谣
河道“清障”行动！西渡街道执法队迅速查处建筑垃圾倾倒案件,https://www.thepaper.cn/newsDetail_forward_31272593,2025-07-31 03:34:51,上海奉贤
台风“竹节草”移动缓慢，周末可能会给上海带来较明显降水,https://www.thepaper.cn/newsDetail_forward_31270483,2025-07-31 03:31:31,澎湃新闻
推出“一脉七星”城市品牌，上海嘉定新城如何吸引产业、人才？,https://www.thepaper.cn/newsDetail_forward_31270154,2025-07-31 03:29:20,澎湃新闻
台风、暴雨、雷电、大风多预警解除，下周晴热回归→,https://www.thepaper.cn/newsDetail_forward_31270434,2025-07-31 03:26:06,市民云
“镜头”“底片”双双出问题，哈萨克族小伙在上海重返清晰“视”界,https://www.thepaper.cn/newsDetail_forward_31267596,2025-07-31 03:24:34,十院眼科
2025版“沪惠保”双险参保通道，将于今晚20时全面关闭！错过还要等一年！,https://www.thepaper.cn/newsDetail_forward_31270349,2025-07-31 03:20:40,市民云
司法部党组号召全国司法行政系统向师帅同志学习,https://www.thepaper.cn/newsDetail_forward_31272624,2025-07-31 03:17:07,上海市监狱管理局
【公证规范优质行动】宝山公证处以“优”窗暖心服务，破历史遗留继承公证困局,https://www.thepaper.cn/newsDetail_forward_31272622,2025-07-31 02:57:17,上海市宝山公证处
大量游客被困上海外滩？商圈“巨轮”乘风破浪？台风谣言别再传了！,https://www.thepaper.cn/newsDetail_forward_31272331,2025-07-31 02:54:01,互联网联合辟谣平台
上海市第739例、普陀区第29例！普陀的他用爱为生命续航,https://www.thepaper.cn/newsDetail_forward_31272807,2025-07-31 02:49:46,上海普陀
上海最新公布：46805元！事关人均可支配收入！,https://www.thepaper.cn/newsDetail_forward_31270245,2025-07-31 02:48:53,市民云
台风过境，我们开园啦！,https://www.thepaper.cn/newsDetail_forward_31272591,2025-07-31 02:41:37,上海奉贤
从上海看见中国魅力 | “老外”游上海（二）,https://www.thepaper.cn/newsDetail_forward_31270301,2025-07-31 02:40:00,国际金融报
不久前落幕的这场舞蹈盛会，一共有多少组选手参与巅峰对决？| 与“宁”一起答,https://www.thepaper.cn/newsDetail_forward_31272408,2025-07-31 02:31:37,上海长宁
【涨知识】四问四答带你了解纳税缴费信用管理办法中的社保费指标,https://www.thepaper.cn/newsDetail_forward_31272619,2025-07-31 02:28:59,上海税务
【关注】不属于研发活动产生的费用不能加计扣除,https://www.thepaper.cn/newsDetail_forward_31270927,2025-07-31 02:28:59,上海税务
高发癌症的“救命钱”，“沪惠保”能赔多少？,https://www.thepaper.cn/newsDetail_forward_31270153,2025-07-31 02:20:00,市民云
应豪任上海市第一妇婴保健院党委书记,https://www.thepaper.cn/newsDetail_forward_31270105,2025-07-31 02:15:54,澎湃新闻
这场跨越山海的夏令营，藏着多少暖心故事？,https://www.thepaper.cn/newsDetail_forward_31272516,2025-07-31 02:15:29,i金山
台风远离、预警解除，金山铁路恢复通行,https://www.thepaper.cn/newsDetail_forward_31272514,2025-07-31 02:15:29,i金山
台风“竹节草”于昨日在奉贤再次登陆，陈吉宁龚正对全市防汛防台工作再检查再调度再部署,https://www.thepaper.cn/newsDetail_forward_31271380,2025-07-31 02:08:54,上海住房城乡建设管理
